
0,0.16440223157405853,0.3213343024253845,0.0007234246004372835
1,0.16377364099025726,0.3323320746421814,0.0007511915755458176
2,0.19101524353027344,0.3734382092952728,0.0006310718599706888
3,0.16907930374145508,0.37805867195129395,0.0006322538247331977
4,0.1831642985343933,0.37984517216682434,0.0006224195240065455
5,0.18061316013336182,0.4184785783290863,0.0005099780973978341
6,0.34638670086860657,0.5639708042144775,0.0005009928136132658
7,0.20273827016353607,0.4185836911201477,0.0007706427713856101
8,0.20815017819404602,0.45114609599113464,0.0008092161733657122
9,0.23485086858272552,0.49230483174324036,0.0007615876384079456
10,0.222147136926651,0.44449561834335327,0.0006120627513155341
11,0.14279738068580627,0.3265765309333801,0.0006937478901818395
12,0.2565910220146179,0.5516374707221985,0.00043899501906707883
13,0.22424587607383728,0.4294810891151428,0.0006799692055210471
14,0.2514747083187103,0.44436565041542053,0.0005520917475223541
15,0.23174697160720825,0.4399757385253906,0.0005792988231405616
16,0.2188940942287445,0.39379218220710754,0.0005883155390620232
17,0.32579517364501953,0.5308289527893066,0.00048028596211224794
18,0.17974279820919037,0.3381366729736328,0.0006259053479880095
19,0.1827719360589981,0.3621809482574463,0.0005546663305722177
20,0.14094847440719604,0.2906923294067383,0.0008011176250874996
21,0.14719024300575256,0.3102932572364807,0.0007751057855784893
22,0.14714576303958893,0.3142058551311493,0.0007280139834620059
23,0.21899119019508362,0.461494505405426,0.0005103288567624986
24,0.16242572665214539,0.33180543780326843,0.0007071987492963672
25,0.14817501604557037,0.31345510482788086,0.000794076593592763
26,0.1348758041858673,0.323674738407135,0.0009592676069587469
27,0.14095664024353027,0.3066498339176178,0.0008170341025106609
28,0.13534368574619293,0.2734740674495697,0.000878030201420188
29,0.14235630631446838,0.28382760286331177,0.0008231770480051637
30,0.1371954381465912,0.29596173763275146,0.0007743876194581389
31,0.17687836289405823,0.3572191894054413,0.000634722993709147
32,0.1927815079689026,0.4137745201587677,0.0005699202883988619
33,0.24189984798431396,0.4315299391746521,0.0006675535114482045
34,0.3120995759963989,0.5339275002479553,0.0005189859075471759
35,0.1558433622121811,0.37666410207748413,0.000990601722151041
36,0.29958710074424744,0.5489156246185303,0.0005932995118200779
37,0.27982011437416077,0.5197855234146118,0.0004956636112183332
38,0.2517838478088379,0.4510181248188019,0.000715872913133353
39,0.256207674741745,0.42866384983062744,0.001273135538212955
40,0.2305706888437271,0.4181877076625824,0.00134572375100106
41,0.26826006174087524,0.5129038095474243,0.0011237438302487135
42,0.2926931083202362,0.5261893272399902,0.0012260857038199902
43,0.3092446029186249,0.6008513569831848,0.0008967905305325985
44,0.32478007674217224,0.6012874841690063,0.0004078914935234934
45,0.26909714937210083,0.5076420307159424,0.0009494256228208542
46,0.2739027440547943,0.5036537647247314,0.000624809879809618
47,0.29314011335372925,0.4735215902328491,0.0007972794119268656
48,0.22671955823898315,0.4485476016998291,0.0005081051494926214
49,0.32054972648620605,0.5006977915763855,0.0005405580741353333
50,0.19123628735542297,0.43630746006965637,0.000731072505004704
51,0.23806680738925934,0.4226043224334717,0.0007197409868240356
52,0.2762221395969391,0.49423322081565857,0.000560667656827718
53,0.2692767381668091,0.47868478298187256,0.0007239667465910316
54,0.17108136415481567,0.3918684422969818,0.0009317417279817164
55,0.16483311355113983,0.3709052801132202,0.0009112409898079932
56,0.15588164329528809,0.34716325998306274,0.0008120279526337981
57,0.22140666842460632,0.4281075596809387,0.0008708100067451596
58,0.15576690435409546,0.3682394325733185,0.0008623574976809323
59,0.26677894592285156,0.504395604133606,0.0006591181154362857
60,0.31830573081970215,0.5414758324623108,0.0005294971633702517
61,0.20531675219535828,0.40519627928733826,0.0007524264510720968
62,0.22840063273906708,0.4350299537181854,0.0006879996508359909
63,0.165666863322258,0.37085992097854614,0.000728747108951211
64,0.29483965039253235,0.524936854839325,0.0006605432718060911
65,0.17825566232204437,0.34106114506721497,0.0015351800248026848
66,0.21872253715991974,0.41877028346061707,0.0008402667008340359
67,0.16187289357185364,0.3644152879714966,0.0008631304372102022
68,0.16124428808689117,0.36901578307151794,0.0009689078433439136
69,0.21903638541698456,0.41644319891929626,0.0008227488724514842
70,0.2313501089811325,0.43695691227912903,0.0006766931619495153
71,0.2832014560699463,0.5131877064704895,0.0005593732348643243
72,0.2638307511806488,0.4937332570552826,0.0005466261645779014
73,0.2861776649951935,0.5203000903129578,0.0007150796009227633
74,0.27240508794784546,0.4829365313053131,0.0009050080552697182
75,0.2842577397823334,0.4784776568412781,0.0009120551403611898
76,0.1822895109653473,0.4315909445285797,0.0008735099108889699
77,0.35016754269599915,0.5428870916366577,0.0008922163397073746
78,0.15027572214603424,0.3371163308620453,0.0006601453060284257
79,0.20714955031871796,0.42024990916252136,0.0005648712976835668
80,0.18353553116321564,0.40776145458221436,0.0007165506249293685
81,0.3025984466075897,0.6131739616394043,0.0004180779214948416
82,0.33874157071113586,0.5635058879852295,0.0004088434507139027
83,0.4109252393245697,0.7220607399940491,0.0001561830285936594
84,0.4373140037059784,0.7821956872940063,0.00012987465015612543
85,0.3057205080986023,0.573211133480072,0.0005381038645282388
86,0.424154132604599,0.6966031789779663,0.00028956885216757655
87,0.3486137092113495,0.6177147626876831,0.000430425105150789
88,0.6403876543045044,0.8773395419120789,9.236128244083375e-05
89,0.6513365507125854,0.9118987917900085,9.583853534422815e-05
90,0.6428015828132629,0.9591053128242493,5.417460488388315e-05
91,0.5608454346656799,0.9532907605171204,6.126533844508231e-05
92,0.6684964299201965,0.9507916569709778,0.00011031080794055015
93,0.6726037859916687,0.9531908631324768,0.000134522226289846
94,0.6978874802589417,0.9414207935333252,0.00021256324544083327
95,0.678821325302124,0.9564889073371887,0.00012355353101156652
96,0.6856222748756409,0.9285632371902466,0.00015858051483519375
97,0.6912937760353088,0.9399446249008179,0.00013477352331392467
98,0.7626867890357971,0.9809444546699524,5.761785723734647e-05
99,0.7127164006233215,0.9607354402542114,6.152725109132007e-05
100,0.7919285297393799,0.974625825881958,4.3444430048111826e-05
101,0.6691169738769531,0.9603755474090576,6.855411629658192e-05
102,0.7343319654464722,0.9489308595657349,8.850646554492414e-05
103,0.6478425860404968,0.9050114154815674,0.00016599502123426646
104,0.7284280061721802,0.9366400837898254,8.230149978771806e-05
105,0.6326984167098999,0.9054892659187317,0.00011834552424261346
106,0.5848963260650635,0.85265052318573,0.00027633708668872714
107,0.6148817539215088,0.8824095726013184,0.0002239761670352891
108,0.6229294538497925,0.8873405456542969,0.00016205880092456937
109,0.6894199252128601,0.9362121224403381,7.227271271403879e-05
110,0.5117106437683105,0.8150464296340942,0.0001638876274228096
111,0.6320586204528809,0.8771076798439026,0.00014083996939007193
112,0.5955396294593811,0.8592557907104492,0.000167612757650204
113,0.5777636170387268,0.8499478697776794,0.00016892689745873213
114,0.6542731523513794,0.8926469683647156,0.00011991405335720628
115,0.5831323266029358,0.8611617684364319,0.00014323950745165348
116,0.6279874444007874,0.8926666975021362,0.00011146061297040433
117,0.5960345268249512,0.8306520581245422,0.00019261901616118848
118,0.6124231219291687,0.8312627673149109,0.0002066872693831101
119,0.6736268401145935,0.8488548398017883,0.0002301816566614434
120,0.80242520570755,0.9331088662147522,5.824448453495279e-05
121,0.7814810872077942,0.9330874085426331,0.00010927759285550565
122,0.6897385716438293,0.9036570191383362,0.0003267558931838721
123,0.7784451842308044,0.9209959506988525,0.00025340489810332656
124,0.6472297310829163,0.9146657586097717,0.0002628297370392829
125,0.6116961240768433,0.9187285900115967,0.00021154916612431407
126,0.5909650921821594,0.9116081595420837,0.00020783187937922776
127,0.5273566842079163,0.8433415293693542,0.0002893850614782423
128,0.34436869621276855,0.6147010922431946,0.000585041125304997
129,0.19162671267986298,0.3388819098472595,0.0030893231742084026
130,0.23440834879875183,0.4430812895298004,0.0028387478087097406
131,0.26123884320259094,0.4452410638332367,0.0020261567551642656
132,0.3015561103820801,0.5146018266677856,0.0015712673775851727
133,0.3698071539402008,0.6216222047805786,0.0010436830343678594
134,0.43983691930770874,0.6817612051963806,0.0009216365870088339
135,0.3707127273082733,0.6276310086250305,0.0009392842184752226
136,0.31551024317741394,0.5500599145889282,0.001106163952499628
137,0.33902817964553833,0.5323043465614319,0.0012284999247640371
138,0.46651214361190796,0.6448713541030884,0.003991879988461733
139,0.4165818691253662,0.5728422999382019,0.0035442959051579237
140,0.4042598009109497,0.5894736051559448,0.004142373334616423
141,0.40556928515434265,0.5930824875831604,0.0041158790700137615
142,0.36606064438819885,0.6179789900779724,0.00035274209221825004
143,0.3704957962036133,0.6359166502952576,0.0003529040259309113
144,0.39974310994148254,0.6332297325134277,0.00026900199009105563
145,0.3577045500278473,0.6420683264732361,0.0003438364074099809
146,0.2835518419742584,0.5300275683403015,0.0005009710439480841
147,0.26030129194259644,0.5409298539161682,0.0005378431524150074
148,0.4464121460914612,0.7045689821243286,0.00033826573053374887
149,0.44387421011924744,0.6580619215965271,0.0003478689177427441
150,0.5025604963302612,0.6873415112495422,0.0017339996993541718
151,0.46190038323402405,0.7019305229187012,0.0019231288461014628
152,0.4047844111919403,0.5932445526123047,0.0015242442023009062
153,0.3216121792793274,0.5189897418022156,0.0018111792160198092
154,0.24962402880191803,0.42081597447395325,0.0024191481061279774
155,0.4472258985042572,0.6303282976150513,0.0018163258209824562
156,0.415522962808609,0.6508945226669312,0.0016798777505755424
157,0.42351409792900085,0.6423588991165161,0.0016705825692042708
158,0.27544325590133667,0.48952293395996094,0.0027834882494062185
159,0.1305614858865738,0.29996103048324585,0.0018457525875419378
160,0.562615692615509,0.8817048668861389,9.40913159865886e-05
161,0.5239500403404236,0.8787946701049805,9.692388994153589e-05
162,0.5035850405693054,0.8189221024513245,0.00012543915363494307
163,0.4098694920539856,0.7614150047302246,0.00025297264801338315
164,0.4130660891532898,0.7579085230827332,0.00027970378869213164
165,0.376752108335495,0.7800637483596802,0.0001824634673539549
166,0.3685515522956848,0.7559568285942078,0.0002369001740589738
167,0.404701292514801,0.8125442266464233,0.00023383174266200513
168,0.6676126718521118,0.8707794547080994,0.00024565213243477046
169,0.6466378569602966,0.8656285405158997,0.00025998527416959405
170,0.6748672723770142,0.8441973328590393,0.0002304614899912849
171,0.6891116499900818,0.8505280017852783,0.00023273410624824464
172,0.6523963212966919,0.8256853222846985,0.0002522078575566411
173,0.6252524256706238,0.8608609437942505,0.00019560982764232904
174,0.6994317770004272,0.8716360926628113,0.00018712063319981098
175,0.6935775876045227,0.8637199401855469,0.00022315244132187217
176,0.7002544403076172,0.8708655834197998,0.00020124210277572274
177,0.6635685563087463,0.8649988174438477,0.0002405902778264135
178,0.6874294281005859,0.866892397403717,0.00025639956584200263
179,0.6627838015556335,0.8508735299110413,0.00030202907510101795
180,0.6922100186347961,0.8537501692771912,0.0002977537806145847
181,0.7412307262420654,0.8637091517448425,0.00025773601373657584
182,0.6581108570098877,0.8446281552314758,0.00029342042398639023
183,0.6020215153694153,0.791674792766571,0.0008366316324099898
184,0.418425589799881,0.7091988921165466,0.00027411369956098497
185,0.45129498839378357,0.7537935376167297,0.00016145556583069265
186,0.42069923877716064,0.6913366317749023,0.00019560643704608083
187,0.5744764804840088,0.8544033169746399,9.993459389079362e-05
188,0.5447899699211121,0.8336935043334961,0.00011686126526910812
189,0.5144112706184387,0.8454393744468689,0.00011370382708264515
190,0.44931167364120483,0.7607433795928955,0.00014544420992024243
191,0.3597170412540436,0.6688402891159058,0.0002364853717153892
192,0.3127851188182831,0.5593243837356567,0.0004270199569873512
193,0.47666922211647034,0.6773512363433838,0.0003960616304539144
194,0.49460989236831665,0.7596015334129333,0.00028542004292830825
195,0.5650049448013306,0.8552267551422119,0.00012677737686317414
196,0.36088308691978455,0.599416971206665,0.00031137996120378375
197,0.561874508857727,0.8374873399734497,0.00028014049166813493
198,0.5165735483169556,0.843123733997345,0.00028912854031659663
199,0.4091648757457733,0.7039121985435486,0.0005304665537551045
200,0.4397384226322174,0.7683043479919434,0.0004749233485199511
201,0.41109544038772583,0.7156364321708679,0.0004993094480596483
202,0.36406758427619934,0.6789633631706238,0.0005009310552850366
203,0.4769030511379242,0.747756838798523,0.000503239338286221
204,0.24390417337417603,0.5010302662849426,0.0007955076871439815
205,0.18484629690647125,0.36382731795310974,0.0015274847391992807
206,0.20555379986763,0.42017775774002075,0.0011894595809280872
207,0.18591946363449097,0.36643853783607483,0.0013034292496740818
208,0.1968892216682434,0.38440099358558655,0.001025262987241149
209,0.20556585490703583,0.40933504700660706,0.0008395271142944694
210,0.27532047033309937,0.527736246585846,0.0007004770450294018
211,0.3794645071029663,0.6659630537033081,0.0006444408209063113
212,0.19211673736572266,0.36203309893608093,0.0010547877755016088
213,0.25963717699050903,0.4614408016204834,0.0015599369071424007
214,0.2982025146484375,0.4893714189529419,0.0013371629174798727
215,0.21271981298923492,0.4079315662384033,0.0010779289295896888
216,0.17946496605873108,0.3283904790878296,0.0015765349380671978
217,0.21224038302898407,0.3767217993736267,0.0012743663974106312
218,0.21575050055980682,0.4056755006313324,0.0013377032009884715
219,0.20162683725357056,0.37943336367607117,0.0014354237355291843
220,0.25991520285606384,0.4686679244041443,0.0007795651908963919
221,0.258861780166626,0.44425132870674133,0.0009116688743233681
222,0.32695257663726807,0.5248620510101318,0.0008411031449213624
223,0.3813672661781311,0.6276095509529114,0.0003283872501924634
224,0.3783985376358032,0.6192301511764526,0.0003832130169030279
225,0.3787018060684204,0.5870577692985535,0.0006544681964442134
226,0.4145997166633606,0.6728156805038452,0.0003163857036270201
227,0.3802925944328308,0.6704527139663696,0.0005245099309831858
228,0.3383338451385498,0.6063235402107239,0.0004802147741429508
229,0.5096610188484192,0.7731245756149292,0.0004179920651949942
230,0.41875922679901123,0.717739462852478,0.00038835930172353983
231,0.4938092827796936,0.8068187832832336,0.00022335743415169418
232,0.5134524703025818,0.872518002986908,0.00017972916248254478
233,0.4032054841518402,0.708767831325531,0.0002965001040138304
234,0.277947336435318,0.6230041980743408,0.00047955429181456566
235,0.27923229336738586,0.6276617646217346,0.00046921204193495214
236,0.3156844973564148,0.5599790811538696,0.0008646137430332601
237,0.3128305971622467,0.5925858020782471,0.0005902982084080577
238,0.2534157335758209,0.5429061651229858,0.0005828126450069249
239,0.24615412950515747,0.4316214919090271,0.0016107747796922922
240,0.28521430492401123,0.5266465544700623,0.0013749958015978336
241,0.43379271030426025,0.663078248500824,0.0013798391446471214
242,0.3752765953540802,0.6131318211555481,0.0010949126444756985
243,0.2896081507205963,0.4924522638320923,0.0010334656108170748
244,0.38108134269714355,0.6798173189163208,0.0003610789717640728
245,0.4630109369754791,0.6647277474403381,0.004223136696964502
246,0.424028605222702,0.6003670692443848,0.004357779864221811
247,0.4082711935043335,0.6715344786643982,0.0013106726109981537
248,0.37936389446258545,0.6522793173789978,0.00118735630530864
249,0.45195379853248596,0.7116634249687195,0.000822188681922853
250,0.4364185333251953,0.6180501580238342,0.002245131181553006
251,0.2872292399406433,0.5138322710990906,0.002132116351276636
252,0.4368536174297333,0.6400490999221802,0.001927740522660315
253,0.5079495906829834,0.6691927909851074,0.0017467645229771733
254,0.5026730298995972,0.6667042970657349,0.0014382998924702406
255,0.4051283895969391,0.626706600189209,0.0008451141184195876
256,0.4157910645008087,0.6005077362060547,0.0013012989656999707
257,0.49606236815452576,0.682868480682373,0.002373454160988331
258,0.29616641998291016,0.5980612635612488,0.0021970528177917004
259,0.3434637486934662,0.5870513319969177,0.0010694909142330289
260,0.36976611614227295,0.5826930403709412,0.003978122025728226
261,0.341844379901886,0.5401381254196167,0.0036761017981916666
262,0.40273457765579224,0.5856932401657104,0.0027248593978583813
263,0.3712228536605835,0.5806308388710022,0.002234351122751832
264,0.31781792640686035,0.5619592666625977,0.002650624606758356
265,0.27885961532592773,0.5105980038642883,0.0041562654078006744
266,0.2182203233242035,0.4137193262577057,0.000897024292498827
267,0.29685521125793457,0.47361600399017334,0.0013038855977356434
268,0.30898383259773254,0.5344314575195312,0.000659388315398246
269,0.28846150636672974,0.5354753732681274,0.0007425178773701191
270,0.3704817593097687,0.5968490839004517,0.000620611070189625
271,0.3759734630584717,0.6219836473464966,0.0004051389405503869
272,0.4244065284729004,0.700783371925354,0.00034220702946186066
273,0.2364102005958557,0.4615395963191986,0.0011078414972871542
274,0.19228944182395935,0.38869768381118774,0.001086922944523394
275,0.14639079570770264,0.30815625190734863,0.0017920956015586853
276,0.12811721861362457,0.27319759130477905,0.002048349007964134
277,0.14428628981113434,0.2992101311683655,0.001205499516800046
278,0.18298113346099854,0.41771405935287476,0.0006552325212396681
279,0.28030911087989807,0.5539340376853943,0.00040941062616184354
280,0.5429378747940063,0.7889629006385803,0.00026163150323554873
281,0.6084251999855042,0.952122151851654,6.364138243952766e-05
282,0.7579642534255981,0.9544129967689514,4.466361497179605e-05
283,0.7335476279258728,0.9320093989372253,5.858139775227755e-05
284,0.6456651091575623,0.9248498678207397,6.573148857569322e-05
285,0.3827661871910095,0.6368651390075684,0.0011562129948288202
286,0.4197540581226349,0.6532244086265564,0.0006498342263512313
287,0.35686925053596497,0.5719704031944275,0.0007073526503518224
288,0.40178561210632324,0.6167963147163391,0.0007522895466536283
289,0.31142911314964294,0.5220122933387756,0.0007894267328083515
290,0.28072041273117065,0.5264745950698853,0.0009510944364592433
291,0.5562264323234558,0.8298317193984985,0.00020466766727622598
292,0.3214564919471741,0.6698572039604187,0.0002519278787076473
293,0.31861990690231323,0.7162722945213318,0.00019866203365381807
294,0.24830804765224457,0.6721708178520203,0.00021969954832457006
295,0.3003269135951996,0.7179397940635681,0.00020479277009144425
296,0.316011905670166,0.7377786040306091,0.00017661228775978088
297,0.3099573850631714,0.758296549320221,0.00013947188563179225
298,0.5006616115570068,0.8956192135810852,8.01446512923576e-05
299,0.40153422951698303,0.809104859828949,0.0001283541350858286
300,0.5391127467155457,0.8128215074539185,0.00017540945555083454
301,0.47099658846855164,0.7674009799957275,0.00021666905377060175
302,0.4280823767185211,0.7877721190452576,0.0002158199204131961
303,0.4588339030742645,0.7209551334381104,0.0002212067338405177
304,0.5264566540718079,0.7305298447608948,0.0002087017783196643
305,0.4729127883911133,0.7459015250205994,0.00022875575814396143
306,0.38318896293640137,0.6691573262214661,0.0002592146920505911
307,0.43566516041755676,0.6953215003013611,0.000223571463720873
308,0.4363890290260315,0.7617351412773132,0.00019100311328656971
309,0.2734750807285309,0.6555352807044983,0.000406964507419616
310,0.2413531094789505,0.5268020033836365,0.00047146767610684037
311,0.35373374819755554,0.6578691601753235,0.00035515124909579754
312,0.38520482182502747,0.7294411659240723,0.0002785527613013983
313,0.4378533661365509,0.6855543255805969,0.00028417829889804125
314,0.393809974193573,0.7443520426750183,0.0001921950315590948
315,0.3942778408527374,0.6820411086082458,0.00029173586517572403
316,0.47855260968208313,0.7269895672798157,0.000290829804725945
317,0.5363587141036987,0.8916193842887878,8.395143959205598e-05
318,0.6442577838897705,0.920174241065979,5.940601840848103e-05
319,0.6923419833183289,0.9347062706947327,5.391206650529057e-05
320,0.6041260957717896,0.8709193468093872,8.07431060820818e-05
321,0.5539122819900513,0.8532503247261047,0.00010246197780361399
322,0.32764217257499695,0.576427698135376,0.00040224293479695916
323,0.23127013444900513,0.5939716100692749,0.00033231364795938134
324,0.3268054127693176,0.7185778617858887,0.0002799233188852668
325,0.2883579730987549,0.660731315612793,0.0002744921075645834
326,0.2963564991950989,0.7647727131843567,0.00017704493075143546
327,0.3421936631202698,0.7816495299339294,0.0001369272795272991
328,0.38284915685653687,0.7156912088394165,0.00016230318578891456
329,0.5870804786682129,0.8878553509712219,8.111094939522445e-05
330,0.655541181564331,0.8878108263015747,8.155021350830793e-05
331,0.6252689361572266,0.88784259557724,8.292715210700408e-05
332,0.6195749640464783,0.8544277548789978,9.997722372645512e-05
333,0.5577468276023865,0.8184307217597961,0.00014844450925011188
334,0.4998406767845154,0.7641562223434448,0.00026604102458804846
335,0.38269490003585815,0.6999995112419128,0.0003492216346785426
336,0.36962223052978516,0.7547651529312134,0.00027340007363818586
337,0.4113337993621826,0.7449408769607544,0.00023842722293920815
338,0.2475075125694275,0.5534948110580444,0.00032652958179824054
339,0.2858561873435974,0.6308956146240234,0.00019818931468762457
340,0.26532238721847534,0.5725390315055847,0.0002452910121064633
341,0.45392873883247375,0.8169178366661072,0.00010940393258351833
342,0.5742006897926331,0.9246492385864258,7.038303738227114e-05
343,0.6091281175613403,0.924739420413971,6.366956949932501e-05
344,0.5234057307243347,0.9143419861793518,7.474511221516877e-05
345,0.4938371777534485,0.855939507484436,9.508131188340485e-05
346,0.3243139088153839,0.6304640769958496,0.000244670343818143
347,0.4322490692138672,0.7597953677177429,0.0001538299984531477
348,0.45010077953338623,0.7706982493400574,0.00014776151510886848
349,0.4778573215007782,0.7240976095199585,0.00022715385421179235
350,0.5437292456626892,0.8480671048164368,0.00012982812768314034
351,0.6232414841651917,0.8640525341033936,0.0001116609200835228
352,0.45905813574790955,0.7198571562767029,0.0002062855928670615
353,0.46672719717025757,0.6654545068740845,0.0003142313798889518
354,0.2939067780971527,0.7061516046524048,0.00019583226821850985
355,0.31208309531211853,0.584426760673523,0.00029579090187326074
356,0.355600506067276,0.556225597858429,0.0009556618169881403
357,0.5116057991981506,0.6704802513122559,0.0006767478189431131
358,0.3599213659763336,0.6352149844169617,0.0006166825769469142
359,0.4823072850704193,0.6481748819351196,0.0002961090940516442
360,0.3561114966869354,0.6757680177688599,0.00026387569960206747
361,0.4615345299243927,0.7402956485748291,0.00018619580077938735
362,0.2828265130519867,0.5618398785591125,0.0003981019835919142
363,0.2846222221851349,0.48093941807746887,0.0005047646118327975
364,0.31633272767066956,0.5721112489700317,0.00041676833643577993
365,0.38912227749824524,0.7580756545066833,0.00027421346749179065
366,0.45981794595718384,0.725380539894104,0.0004290843498893082
367,0.2814685106277466,0.63228839635849,0.0005254428833723068
368,0.2533200681209564,0.4020508825778961,0.00432141637429595
369,0.28762221336364746,0.4569530487060547,0.00382063677534461
370,0.21939943730831146,0.42338699102401733,0.002963618142530322
371,0.20073175430297852,0.3837454319000244,0.0034021607134491205
372,0.22372998297214508,0.4092477858066559,0.0025793742388486862
373,0.10752483457326889,0.23233678936958313,0.0053299348801374435
374,0.2806634306907654,0.4639776051044464,0.0009233674500137568
375,0.43075188994407654,0.6882498860359192,0.0002721123746596277
376,0.30876851081848145,0.5811859369277954,0.0006206425023265183
377,0.3041935861110687,0.577627956867218,0.00063819729257375
378,0.29596519470214844,0.5103546977043152,0.00074221525574103
379,0.30180424451828003,0.5068113803863525,0.000335304910549894
380,0.29675155878067017,0.6199551820755005,0.00022462948982138187
381,0.44649824500083923,0.8162009716033936,0.00015706811973359436
382,0.6053707599639893,0.8387451767921448,0.00018593641289044172
383,0.5582430362701416,0.859942615032196,0.00012659799540415406
384,0.7108327746391296,0.939666211605072,5.978366971248761e-05
385,0.3153674006462097,0.5112437605857849,0.0020843571983277798
386,0.34222176671028137,0.5210595726966858,0.0025606451090425253
387,0.3038620352745056,0.48930901288986206,0.003129723249003291
388,0.366922527551651,0.57481449842453,0.002650253241881728
389,0.3767446279525757,0.5841891765594482,0.002967788837850094
390,0.3332028388977051,0.5856985449790955,0.0018356556538492441
391,0.25057533383369446,0.507841169834137,0.001599193667061627
392,0.2221318781375885,0.42214375734329224,0.0019035541918128729
393,0.07817590236663818,0.30570313334465027,0.0016716433456167579
394,0.06589830666780472,0.14624758064746857,0.002635992132127285
395,0.061876989901065826,0.1428932100534439,0.002136561553925276
396,0.09673040360212326,0.2132180631160736,0.00199858914129436
397,0.5698790550231934,0.8684656023979187,0.00011992053623544052
398,0.5298686027526855,0.7901602387428284,0.00018307301797904074
399,0.6562471389770508,0.866887092590332,0.00011020414240192622
400,0.6284576654434204,0.8904886841773987,8.192419045371935e-05
401,0.5407472848892212,0.8626646399497986,9.152213169727474e-05
402,0.5394551753997803,0.8823477029800415,8.530312334187329e-05
403,0.508275032043457,0.8285326361656189,9.949624654836953e-05
404,0.4764348566532135,0.7451732754707336,0.0001916060282383114
405,0.47251972556114197,0.765722930431366,0.00023773475550115108
406,0.5545452237129211,0.8320062756538391,0.00019059832266066223
407,0.5568430423736572,0.8116815090179443,0.00017821232904680073
408,0.5155323147773743,0.7398391962051392,0.0003007191407959908
409,0.4739624559879303,0.8022279143333435,0.00012292963219806552
410,0.544295608997345,0.7691115140914917,0.00015210622223094106
411,0.4122861921787262,0.6169779300689697,0.0004867680836468935
412,0.3242570757865906,0.5342008471488953,0.0005242833285592496
413,0.27562543749809265,0.49891287088394165,0.0006561790942214429
414,0.42595383524894714,0.6523640751838684,0.0003584732476156205
415,0.45951056480407715,0.791023850440979,0.00014831117005087435
416,0.5495591759681702,0.7745201587677002,0.00023186464386526495
417,0.6217542290687561,0.853716254234314,8.708271343493834e-05
418,0.5492550134658813,0.8170128464698792,0.00011041342077078298
419,0.24767662584781647,0.41935232281684875,0.0007057953043840826
420,0.22814129292964935,0.3946529030799866,0.0008747719693928957
421,0.21414203941822052,0.3997819125652313,0.0006837061373516917
422,0.3084622919559479,0.587410569190979,0.0003161700442433357
423,0.4234645962715149,0.7684974670410156,0.00019586484995670617
424,0.29183560609817505,0.4792770445346832,0.000588639872148633
425,0.1951754242181778,0.349262535572052,0.001162168337032199
426,0.08932133764028549,0.15023896098136902,0.007077338173985481
427,0.09905479848384857,0.18081223964691162,0.00315855722874403
428,0.10167264938354492,0.24808187782764435,0.003406067378818989
429,0.5613434314727783,0.7444814443588257,0.0006960106547921896
430,0.6813351511955261,0.885388970375061,0.00013479572953656316
431,0.5946593284606934,0.8424789905548096,0.0001380094327032566
432,0.5083172917366028,0.8240406513214111,0.00012829832849092782
433,0.5249254107475281,0.8496633768081665,0.00010922675573965535
434,0.4866640567779541,0.820759654045105,0.00010648006718838587
435,0.38466402888298035,0.7118716239929199,0.00014449271839112043
436,0.43151548504829407,0.704033374786377,0.00021685381943825632
437,0.43421825766563416,0.689814567565918,0.000229739656788297
438,0.3344644010066986,0.7416326403617859,0.00015772436745464802
439,0.4631517231464386,0.8035793900489807,0.0001306827471125871
440,0.4261034429073334,0.7638589143753052,0.00017858338833320886
441,0.3795473277568817,0.560350775718689,0.002492712577804923
442,0.1950344741344452,0.32465383410453796,0.0043327538296580315
443,0.3547223210334778,0.6163113713264465,0.00043122487841174006
444,0.38476672768592834,0.6489712595939636,0.00029831548454239964
445,0.36404719948768616,0.6889219284057617,0.0003182730288244784
446,0.48761868476867676,0.7758392691612244,0.0001412397832609713
447,0.5673090815544128,0.796596109867096,0.00016668446187395602
448,0.5385735630989075,0.7934353947639465,0.00017774033767636865
449,0.6217744946479797,0.8939357399940491,9.897538984660059e-05
450,0.3703800141811371,0.712493360042572,0.00020841395598836243
451,0.34034016728401184,0.5287536382675171,0.0007747174240648746
452,0.10728000849485397,0.24945169687271118,0.0016815594863146544
453,0.05887201428413391,0.1502537578344345,0.004239378962665796
454,0.13655824959278107,0.25974708795547485,0.0018662798684090376
455,0.5440729260444641,0.7235401272773743,0.0003294191847089678
456,0.24845638871192932,0.4157344400882721,0.0010846871882677078
457,0.0867757499217987,0.15583376586437225,0.006535361520946026
458,0.04339396208524704,0.11758445203304291,0.003524595405906439
459,0.4633159935474396,0.7633967995643616,0.0006133911665529013
460,0.5519859194755554,0.7655338644981384,0.0008918317616917193
461,0.518108069896698,0.6908050179481506,0.0017464171396568418
462,0.3083893656730652,0.5065348148345947,0.00184814038220793
463,0.7654983401298523,0.9289760589599609,0.0002727301907725632
464,0.7007819414138794,0.8882002234458923,0.00044762788456864655
465,0.6262062191963196,0.851878821849823,0.0008132325019687414
466,0.5930739641189575,0.8667349815368652,0.0004691757494583726
467,0.688571572303772,0.9037259817123413,7.5625313911587e-05
468,0.7315706014633179,0.9323276281356812,5.3271181968739256e-05
469,0.6133252382278442,0.8282036185264587,0.0002695462026167661
470,0.6378745436668396,0.8390593528747559,0.0001979930093511939
471,0.6366821527481079,0.8904750943183899,8.832134335534647e-05
472,0.6436465978622437,0.9148131012916565,7.076517795212567e-05
473,0.459208607673645,0.7811278104782104,0.0002310313138877973
474,0.27972203493118286,0.5823832154273987,0.00031853909604251385
475,0.5415117740631104,0.7716423869132996,0.0011766618117690086
476,0.39575091004371643,0.6498366594314575,0.0017367808613926172
477,0.36491692066192627,0.5918554067611694,0.0006936672143638134
478,0.4537028968334198,0.699494481086731,0.0004252151702530682
479,0.4243775010108948,0.6298240423202515,0.0003934549749828875
480,0.47255203127861023,0.6617876887321472,0.0004405657236929983
481,0.482203871011734,0.6538041830062866,0.0004440871998667717
482,0.3087979853153229,0.5333641171455383,0.0004961473750881851
483,0.40016090869903564,0.6522549390792847,0.000295517296763137
484,0.4999876022338867,0.6918238401412964,0.00023864404647611082
485,0.4786429703235626,0.687712550163269,0.00032191205536946654
486,0.4825160503387451,0.6620616912841797,0.0005842620739713311
487,0.37833327054977417,0.5565040707588196,0.000762784737162292
488,0.4366738796234131,0.6556915044784546,0.0007533340249210596
489,0.5260366797447205,0.7565483450889587,0.0004213633656036109
490,0.5247126221656799,0.6735581755638123,0.0006109230453148484
491,0.4859530031681061,0.6488786339759827,0.0005353745073080063
492,0.5096349120140076,0.7619482278823853,0.00022638548398390412
493,0.43086758255958557,0.6859386563301086,0.0014067079173400998
494,0.31124985218048096,0.596430242061615,0.0004128007567487657
495,0.5514708161354065,0.8344510793685913,0.00019727254402823746
496,0.47126099467277527,0.7619872689247131,0.0001931937731569633
497,0.2699603736400604,0.4653927981853485,0.0005624846089631319
498,0.35576650500297546,0.5980587005615234,0.0003604691301006824
499,0.30147361755371094,0.4887004494667053,0.0021212860010564327
500,0.2670042812824249,0.4311455488204956,0.0019271868513897061
501,0.2592606842517853,0.4220677316188812,0.002032635733485222
502,0.2954220473766327,0.5185143947601318,0.0005244748899713159
503,0.316425085067749,0.4957076907157898,0.0020223199389874935
504,0.42638760805130005,0.6404445767402649,0.0009697714122012258
505,0.32880663871765137,0.5606774687767029,0.0011876472271978855
506,0.4134812355041504,0.6116108298301697,0.0010719189886003733
507,0.4283648431301117,0.6568669676780701,0.000971004250459373
508,0.31419265270233154,0.53761887550354,0.0012829527258872986
509,0.513887882232666,0.8079043030738831,0.0001440573250874877
510,0.4132794141769409,0.6006020307540894,0.0020482162944972515
511,0.5136066675186157,0.6727679371833801,0.0019143791869282722
512,0.49287906289100647,0.7214340567588806,0.001544547383673489
513,0.5444034337997437,0.7527437806129456,0.0010398969752714038
514,0.5238983631134033,0.7615700960159302,0.0006333390483632684
515,0.47673264145851135,0.7416235208511353,0.00025808828650042415
516,0.5216406583786011,0.8462391495704651,0.00012653006706386805
517,0.5965595245361328,0.8612898588180542,0.0001032821019180119
518,0.24517296254634857,0.36100032925605774,0.004993066657334566
519,0.14012663066387177,0.2663709223270416,0.004951672628521919
520,0.38583704829216003,0.6930950284004211,0.00018938383436761796
521,0.7925413846969604,0.9553374648094177,3.9669612306170166e-05
522,0.7739860415458679,0.9046944975852966,0.0001014138397295028
523,0.739449143409729,0.9327337145805359,5.566511754295789e-05
524,0.7462829351425171,0.9188113212585449,6.565727380802855e-05
525,0.6737378239631653,0.8746410012245178,0.00011120658018626273
526,0.5825821757316589,0.7745362520217896,0.0005191952222958207
527,0.6604788303375244,0.8608007431030273,0.00019631299073807895
528,0.2761986553668976,0.5173643231391907,0.0014010478043928742
529,0.33130529522895813,0.5412608981132507,0.0009230554569512606
530,0.3034537136554718,0.536844789981842,0.0009859686251729727
531,0.3414458930492401,0.5835533738136292,0.0011943617137148976
532,0.4417482018470764,0.7703022956848145,0.00024205843510571867
533,0.5346167087554932,0.8535007834434509,0.00012546093785203993
534,0.3857715129852295,0.631742000579834,0.00029910000739619136
535,0.22095328569412231,0.3541489243507385,0.003680513007566333
536,0.3442314863204956,0.5620192885398865,0.0008331405697390437
537,0.4396930932998657,0.6673935651779175,0.0005228313384577632
538,0.42730146646499634,0.7723009586334229,0.00016286640311591327
539,0.4186030924320221,0.74827641248703,0.00019006783259101212
540,0.30789849162101746,0.6693682074546814,0.0001871784043032676
541,0.35300591588020325,0.6663554310798645,0.00041882405639626086
542,0.31945323944091797,0.539655327796936,0.00041320009040646255
543,0.3762228190898895,0.6752634644508362,0.00020474853226915002
544,0.5436968207359314,0.7723836898803711,0.0002006940048886463
545,0.5319039821624756,0.8292469382286072,0.0001184045395348221
546,0.7498771548271179,0.9673675894737244,4.2211129766656086e-05
547,0.352423757314682,0.5983837246894836,0.000503788935020566
548,0.540321946144104,0.7476903796195984,0.0003942553303204477
549,0.40164294838905334,0.6727994084358215,0.0005163961322978139
550,0.4732311964035034,0.695268452167511,0.0002957969845738262
551,0.5448223948478699,0.7515032291412354,0.0001664200535742566
552,0.6831819415092468,0.9450421333312988,5.340567076927982e-05
553,0.558280348777771,0.7954568266868591,0.00013776864216197282
554,0.5166341066360474,0.7279660701751709,0.00025434402050450444
555,0.31427884101867676,0.6119399666786194,0.0003046480705961585
556,0.5400091409683228,0.79144287109375,0.00028991553699597716
557,0.6724751591682434,0.9095048904418945,6.903207395225763e-05
558,0.6996493339538574,0.9219525456428528,5.846000567544252e-05
559,0.6664149165153503,0.8944538235664368,6.995368312345818e-05
560,0.44372546672821045,0.7157667875289917,0.00017371299327351153
561,0.37763190269470215,0.7330315709114075,0.00019009225070476532
562,0.6571409106254578,0.91880863904953,6.475524423876777e-05
563,0.6071214079856873,0.8598947525024414,9.992787090595812e-05
564,0.5925083756446838,0.7981818318367004,0.00040699620149098337
565,0.6894093155860901,0.8572090864181519,0.0002781127695925534
566,0.40544524788856506,0.724385678768158,0.00024798267986625433
567,0.5268592834472656,0.792499303817749,0.0001345823984593153
568,0.5417963862419128,0.7850494980812073,0.0002496580418664962
569,0.4170447587966919,0.6784149408340454,0.00022437499137595296
570,0.42282816767692566,0.661712110042572,0.00030801721732132137
571,0.45077618956565857,0.6668373942375183,0.0002748860861174762
572,0.42424753308296204,0.6973960399627686,0.000295892299618572
573,0.5149354338645935,0.7140595316886902,0.0002693889255169779
574,0.41112247109413147,0.6853744983673096,0.00034324044827371836
575,0.5589246153831482,0.8309301733970642,0.0001219389378093183
576,0.47924530506134033,0.762126624584198,0.00024887925246730447
577,0.5434553623199463,0.7619174122810364,0.00044617787352763116
578,0.5133758783340454,0.7411702275276184,0.00023724688799120486
579,0.6024292707443237,0.757568359375,0.00038123942795209587
580,0.4837534725666046,0.707042932510376,0.0003095179854426533
581,0.6691805720329285,0.8995673060417175,9.221745858667418e-05
582,0.6291112899780273,0.9008088707923889,9.951082756742835e-05
583,0.402649462223053,0.6517252326011658,0.00046123319771140814
584,0.49474281072616577,0.7585689425468445,0.0001911333092721179
585,0.4262967109680176,0.721343457698822,0.00029126412118785083
586,0.5674448609352112,0.7621558904647827,0.00030033974326215684
587,0.5811874270439148,0.781169593334198,0.0002735462039709091
588,0.6087137460708618,0.8211401104927063,0.00018124152848031372
589,0.5957837700843811,0.7704188227653503,0.0003186203830409795
590,0.3060447573661804,0.6263824701309204,0.00042355351615697145
591,0.38735198974609375,0.7009207606315613,0.0002830674930009991
592,0.3415927588939667,0.5771325826644897,0.0003928462683688849
593,0.3480623960494995,0.5844842195510864,0.00028504320653155446
594,0.5214786529541016,0.8296644687652588,0.00011587441258598119
595,0.5233675837516785,0.813025176525116,0.00012366057489998639
596,0.7221604585647583,0.952497661113739,4.644613363780081e-05
597,0.6165679097175598,0.9245909452438354,6.782053242204711e-05
598,0.5869851112365723,0.888436496257782,9.502351895207539e-05
599,0.649290144443512,0.9221347570419312,6.21353683527559e-05
600,0.5710846781730652,0.8699977993965149,8.749615517444909e-05
601,0.6389749646186829,0.9241982102394104,6.373370706569403e-05
602,0.5673245191574097,0.8689556121826172,8.962742140283808e-05
603,0.5513986945152283,0.8638688325881958,9.853842493612319e-05
604,0.5354283452033997,0.8293012976646423,0.000115689224912785
605,0.5365787148475647,0.8047751784324646,0.00015669885033275932
606,0.48720818758010864,0.8089779615402222,0.00018044897296931595
607,0.4810815751552582,0.7168422341346741,0.0002348138950765133
608,0.5141727328300476,0.7646244168281555,0.00020040709932800382
609,0.28390294313430786,0.5686116218566895,0.000384273735107854
610,0.37876126170158386,0.6869744062423706,0.0002297086757607758
611,0.43882930278778076,0.7671546936035156,0.00019817591237369925
612,0.5133832097053528,0.7024762034416199,0.0003501524915918708
613,0.48389744758605957,0.7346020936965942,0.000293632794637233
614,0.5475887656211853,0.7256690859794617,0.0003306161961518228
615,0.5162124037742615,0.7809345126152039,0.00020042748656123877
616,0.5795353055000305,0.7913219928741455,0.00025681310216896236
617,0.5426775813102722,0.7316294312477112,0.0009645685786381364
618,0.5588558912277222,0.8234479427337646,0.0003204929525963962
619,0.37327030301094055,0.6604009866714478,0.0002803233510348946
620,0.2755994498729706,0.5593081712722778,0.0002917772508226335
621,0.4310694932937622,0.7146332859992981,0.000203367555513978
622,0.45364806056022644,0.7696375250816345,0.00016967125702649355
623,0.44994762539863586,0.6250959038734436,0.0008862740360200405
624,0.4691363573074341,0.6226465106010437,0.0009453489910811186
625,0.5331838130950928,0.8233132362365723,0.00012216907634865493
626,0.7204772233963013,0.8835923075675964,7.827790250303224e-05
627,0.7222376465797424,0.8523104190826416,8.67766939336434e-05
628,0.5169563293457031,0.7920470237731934,0.0001923193340189755
629,0.4073791205883026,0.7189486622810364,0.00018380671099293977
630,0.5432136654853821,0.7904524803161621,0.00011881512909894809
631,0.4857485294342041,0.7320132255554199,0.0001540097000543028
632,0.5319938063621521,0.8038228154182434,0.00011207764327991754
633,0.493053138256073,0.7766834497451782,0.0001292013912461698
634,0.4441992938518524,0.7686002254486084,0.00014580678544007242
635,0.5145840644836426,0.8821665644645691,8.414305921178311e-05
636,0.6403102278709412,0.8763241171836853,8.704620995558798e-05
637,0.6215686202049255,0.9062100052833557,0.00013913125440012664
638,0.8268818855285645,0.9431072473526001,3.999945329269394e-05
639,0.3932720124721527,0.6942846775054932,0.00017965096049010754
640,0.5450230836868286,0.8249257206916809,0.00011371116124792024
641,0.27731582522392273,0.550024688243866,0.00035856454633176327
642,0.33955854177474976,0.6812910437583923,0.00015636379248462617
643,0.3647221624851227,0.6603365540504456,0.00038879469502717257
644,0.5076504945755005,0.8461371660232544,0.0001202030252898112
645,0.6134486794471741,0.894039511680603,8.412437455262989e-05
646,0.4809504747390747,0.8489465713500977,0.00013686368765775114
647,0.4787213206291199,0.8037967085838318,0.00014386128168553114
648,0.2928561568260193,0.7095219492912292,0.00020828162087127566
649,0.22777411341667175,0.5053640604019165,0.00032310214010067284
650,0.2830628752708435,0.6677557229995728,0.00017966164159588516
651,0.5884502530097961,0.8930634260177612,9.489059448242188e-05
652,0.3947879374027252,0.7251154184341431,0.00016214932838920504
653,0.4217665493488312,0.6584308743476868,0.00021455957903526723
654,0.432539701461792,0.7152472138404846,0.00018817563250195235
655,0.4307781457901001,0.6862950921058655,0.00020935176871716976
656,0.43435484170913696,0.6971558332443237,0.00022919346520211548
657,0.4440028667449951,0.7110932469367981,0.00020064236014150083
658,0.4639118015766144,0.7219319343566895,0.00021153053967282176
659,0.42085450887680054,0.7295519113540649,0.00021110076340846717
660,0.5660853385925293,0.8026697635650635,0.00011893728515133262
661,0.394368052482605,0.617638885974884,0.00034012593096122146
662,0.5839731693267822,0.7293035387992859,0.0006038713036105037
663,0.6982969045639038,0.8971080183982849,9.448372293263674e-05
664,0.5828593373298645,0.8318117260932922,0.00013746295007877052
665,0.43876805901527405,0.7700960040092468,0.00012608038377948105
666,0.36292946338653564,0.6304550170898438,0.00021514968830160797
667,0.40109121799468994,0.6694424152374268,0.00018635745800565928
668,0.50132817029953,0.6836905479431152,0.00023650350340176374
669,0.3173856735229492,0.5722911953926086,0.0003695697523653507
670,0.2711411714553833,0.5159913897514343,0.0006206809775903821
671,0.29644575715065,0.5359107255935669,0.0004561442765407264
672,0.23017127811908722,0.4382573962211609,0.0009708855068311095
673,0.2943318486213684,0.5300201773643494,0.0004646002780646086
674,0.1705724149942398,0.34085434675216675,0.0007186723523773253
675,0.14247114956378937,0.2716820538043976,0.003589295083656907
676,0.19639335572719574,0.39091306924819946,0.0005725916707888246
677,0.186570942401886,0.3293459117412567,0.002458524890244007
678,0.220162034034729,0.46074849367141724,0.001661887625232339
679,0.21098928153514862,0.4340099096298218,0.002337072743102908
680,0.2638356685638428,0.50532066822052,0.0022511021234095097
681,0.28314754366874695,0.5388257503509521,0.0017513793427497149
682,0.14456522464752197,0.25983691215515137,0.0030422781128436327
683,0.3668314218521118,0.6178520321846008,0.00036797707434743643
684,0.5939500331878662,0.7870644330978394,0.00019306992180645466
685,0.648594319820404,0.9293202757835388,6.858800770714879e-05
686,0.2517395317554474,0.5062928199768066,0.00046188622945919633
687,0.24360446631908417,0.503591001033783,0.0004750365624204278
688,0.3939480781555176,0.6865262389183044,0.00020045244309585541
689,0.32206934690475464,0.6125397086143494,0.00025102501967921853
690,0.4051252007484436,0.6497927308082581,0.00021799548994749784
691,0.43285301327705383,0.6979320645332336,0.00018671670113690197
692,0.7068410515785217,0.9237846732139587,0.00011747633834602311
693,0.7184931635856628,0.886787474155426,0.0001521357480669394
694,0.6875813007354736,0.8558469414710999,0.0001996469945879653
695,0.45322856307029724,0.712111234664917,0.00028474177815951407
696,0.44004184007644653,0.7251071333885193,0.00016404282359872013
697,0.43720218539237976,0.7582619190216064,0.00013421615585684776
698,0.3561398386955261,0.6153358221054077,0.00026867588167078793
699,0.4712059497833252,0.840808093547821,0.00011646359780570492
700,0.6329330205917358,0.8776552081108093,8.233520929934457e-05
701,0.2921000123023987,0.687625527381897,0.00018625581287778914
702,0.17804813385009766,0.3227764368057251,0.0022785526234656572
703,0.23466061055660248,0.43427321314811707,0.00127221061848104
704,0.4204736053943634,0.717502236366272,0.0001882807118818164
705,0.4789934456348419,0.7448447942733765,0.00016304489690810442
706,0.5918480753898621,0.8035754561424255,0.0001717660779831931
707,0.4382653534412384,0.658747136592865,0.0009915068512782454
708,0.5884236097335815,0.8196614980697632,0.00021985461353324354
709,0.3576139509677887,0.5992700457572937,0.00043901760363951325
710,0.37060511112213135,0.6857283115386963,0.00023412799055222422
711,0.653073251247406,0.8752124309539795,0.00013590638991445303
712,0.6874759793281555,0.9107974171638489,7.679632108192891e-05
713,0.6194795370101929,0.9243412613868713,7.606198778375983e-05
714,0.522505521774292,0.8174082040786743,0.000123111269203946
715,0.632039487361908,0.8374953866004944,0.00019422973855398595
716,0.6038881540298462,0.8359701633453369,0.00017080974066630006
717,0.3459886610507965,0.6623114943504333,0.0005054466309957206
718,0.4053843319416046,0.699887752532959,0.0004896677564829588
719,0.3294145166873932,0.6653078198432922,0.00036987592466175556
720,0.7721417546272278,0.9807214736938477,3.940859096474014e-05
721,0.9029985070228577,0.987659752368927,2.2139196516945958e-05
722,0.9038276076316833,0.9808698296546936,2.539445267757401e-05
723,0.8304428458213806,0.9679079055786133,3.3703618100844324e-05
724,0.5997082591056824,0.8379786610603333,0.00013610014866571873
725,0.22375410795211792,0.43461281061172485,0.0008958521648310125
726,0.5867229104042053,0.8115168809890747,0.00019134867761749774
727,0.6369319558143616,0.8234661817550659,0.00028816741541959345
728,0.490166574716568,0.7109389901161194,0.0002593794197309762
729,0.3809906542301178,0.6958322525024414,0.0003311271429993212
730,0.27305757999420166,0.6423412561416626,0.0004218179965391755
731,0.4500608444213867,0.7093095183372498,0.0005472970078699291
732,0.6659318804740906,0.904975950717926,0.00012920009612571448
733,0.8395175337791443,0.9795913100242615,3.870868749800138e-05
734,0.8349685072898865,0.9896209239959717,2.8306170861469582e-05
735,0.8729084134101868,0.9999161958694458,2.0925224816892296e-05
736,0.830907940864563,0.9745186567306519,3.580928023438901e-05
737,0.8710176944732666,0.985672116279602,2.9879825888201594e-05
738,0.7516540884971619,0.9465956091880798,4.6062756155151874e-05
739,0.3994692265987396,0.5815510749816895,0.0009197629988193512
740,0.4834674596786499,0.677214503288269,0.0006803733413107693
741,0.5509669184684753,0.6898178458213806,0.0007368206861428916
742,0.6715192794799805,0.8002148866653442,0.00029552276828326285
743,0.7084726691246033,0.8452463746070862,0.00011001410894095898
744,0.6161580085754395,0.9155445098876953,8.46472175908275e-05
745,0.38871222734451294,0.6113194823265076,0.0002418588410364464
746,0.6859282851219177,0.9021689295768738,6.67738713673316e-05
747,0.5628839135169983,0.9144179224967957,8.191306551452726e-05
748,0.6282002925872803,0.9065132737159729,7.270828064065427e-05
749,0.4603726267814636,0.7545735239982605,0.00029315875144675374
750,0.33179816603660583,0.6027681231498718,0.0003067819634452462
751,0.4364979565143585,0.6721264123916626,0.0002955551026389003
752,0.3145855963230133,0.583353579044342,0.0005672333063557744
753,0.6891760230064392,0.9099034667015076,6.989575194893405e-05
754,0.2933827340602875,0.6262016892433167,0.00021151202963665128
755,0.3978312611579895,0.597646176815033,0.0005507999449037015
756,0.45134615898132324,0.707262396812439,0.0004096986376680434
757,0.5067126750946045,0.6850943565368652,0.0005729132099077106
758,0.30169832706451416,0.5699739456176758,0.0007052197470329702
759,0.4507054388523102,0.6640410423278809,0.00048449073801748455
760,0.49015045166015625,0.6750747561454773,0.0006240472430363297
761,0.49176761507987976,0.732666015625,0.0004058656340930611
762,0.6566246151924133,0.8864601850509644,8.676044672029093e-05
763,0.5215939283370972,0.9281175136566162,7.493718294426799e-05
764,0.3121993839740753,0.6442185640335083,0.000469237711513415
765,0.1861439198255539,0.3109380900859833,0.0014742458006367087
766,0.24166440963745117,0.43410345911979675,0.0008393069729208946
767,0.2735046446323395,0.483566552400589,0.0006774845533072948
768,0.31778663396835327,0.5148377418518066,0.0006703939288854599
769,0.21613195538520813,0.4382234215736389,0.0008289290708489716
770,0.23629982769489288,0.4613141417503357,0.0008118011755868793
771,0.3057759404182434,0.5426558256149292,0.0006662089144811034
772,0.25655636191368103,0.4622810482978821,0.0007583037950098515
773,0.24798649549484253,0.45075204968452454,0.0007701929425820708
774,0.20706422626972198,0.3881053030490875,0.0008583213202655315
775,0.27926182746887207,0.5011225342750549,0.000620374281425029
776,0.35038629174232483,0.5599987506866455,0.0005961968563497066
777,0.22661666572093964,0.4192710816860199,0.0008184711914509535
778,0.19124753773212433,0.31428980827331543,0.0016595436027273536
779,0.2125488668680191,0.3532458543777466,0.0015227387193590403
780,0.21173658967018127,0.322086364030838,0.0032973478082567453
781,0.17119534313678741,0.32224512100219727,0.0017045745626091957
782,0.2514965236186981,0.4418328106403351,0.0007806754438206553
783,0.22295820713043213,0.44903090596199036,0.0007019736804068089
784,0.20037350058555603,0.46213337779045105,0.0006741685210727155
785,0.23312145471572876,0.47851401567459106,0.0007139930967241526
786,0.2707322835922241,0.5033338069915771,0.0006645183311775327
787,0.23222693800926208,0.4129285514354706,0.0008614201797172427
788,0.21341726183891296,0.3590177297592163,0.0013352264650166035
789,0.1760445386171341,0.36057576537132263,0.0012048283824697137
790,0.19385012984275818,0.3751538395881653,0.0011993653606623411
791,0.16439642012119293,0.295765221118927,0.0015927013009786606
792,0.2345173954963684,0.41228729486465454,0.0008015856728889048
793,0.2604410648345947,0.4293059706687927,0.0006887916242703795
794,0.3662685751914978,0.5500320196151733,0.0006099409656599164
795,0.2965479791164398,0.5340718626976013,0.0005711981211788952
796,0.23834577202796936,0.4211762845516205,0.0008139001438394189
797,0.20945419371128082,0.38935133814811707,0.0009359268005937338
798,0.23963505029678345,0.4223465919494629,0.0007674728985875845
799,0.25216442346572876,0.44910719990730286,0.0006993696442805231
800,0.21251705288887024,0.3982701897621155,0.00085067207692191
801,0.2670094966888428,0.47170931100845337,0.0006842793663963675
802,0.26333335041999817,0.46050143241882324,0.0007470421842299402
803,0.3457127809524536,0.5451272130012512,0.000713939662091434
804,0.23110878467559814,0.3933584690093994,0.0010412714909762144
805,0.1951208859682083,0.3505737781524658,0.001221623388119042
806,0.1986607313156128,0.34725746512413025,0.0013443283969536424
807,0.20143218338489532,0.3456701934337616,0.0014332199934870005
808,0.23576128482818604,0.40833500027656555,0.0009011125657707453
809,0.2595231831073761,0.46429839730262756,0.0006434591487050056
810,0.3263360857963562,0.5423933267593384,0.0006349387695081532
811,0.2864454686641693,0.5074753165245056,0.0006062377360649407
812,0.3281671404838562,0.5312753915786743,0.0007259703706949949
813,0.24537721276283264,0.4144391119480133,0.0009479726431891322
814,0.21763981878757477,0.3772102892398834,0.0011158385314047337
815,0.18569202721118927,0.394461989402771,0.000884515349753201
816,0.1986617147922516,0.4469850957393646,0.0007430422701872885
817,0.20446358621120453,0.4477819502353668,0.0007099495269358158
818,0.2036624401807785,0.40630388259887695,0.0009392160573042929
819,0.19407272338867188,0.3916015028953552,0.001010132604278624
820,0.172000452876091,0.33452093601226807,0.0017559893894940615
821,0.16012540459632874,0.32904475927352905,0.0015730435261502862
822,0.20231354236602783,0.4229423403739929,0.0007923520752228796
823,0.21736536920070648,0.45364081859588623,0.0007822360494174063
824,0.2480033040046692,0.4760858714580536,0.0008713928982615471
825,0.2470591515302658,0.4655042588710785,0.0009095226414501667
826,0.28044334053993225,0.4456477761268616,0.0007858534227125347
827,0.2205837368965149,0.383216917514801,0.001170561881735921
828,0.20340435206890106,0.36666595935821533,0.0012372385244816542
829,0.2181374877691269,0.3829747140407562,0.0011902316473424435
830,0.22638659179210663,0.38756197690963745,0.0012031208025291562
831,0.19840481877326965,0.35123133659362793,0.001235022908076644
832,0.22403527796268463,0.38153162598609924,0.0011439141817390919
833,0.2527226209640503,0.45028969645500183,0.00089638790814206
834,0.3163011074066162,0.5322023630142212,0.0006573339342139661
835,0.25841495394706726,0.4800701439380646,0.0006466044578701258
836,0.1980350911617279,0.34744036197662354,0.0011237827129662037
837,0.18261894583702087,0.3178403973579407,0.0011133112711831927
838,0.1873704344034195,0.31770652532577515,0.0012810023035854101
839,0.26747962832450867,0.4767344295978546,0.0006431093788705766
840,0.16198647022247314,0.2862614691257477,0.0014969890471547842
841,0.25807613134384155,0.42981061339378357,0.0008431188762187958
842,0.24677158892154694,0.4634181559085846,0.00064472621306777
843,0.26627594232559204,0.4469761252403259,0.0008618453284725547
844,0.24419347941875458,0.4268943965435028,0.0007384616183117032
845,0.2126530408859253,0.3729940354824066,0.0013787918724119663
846,0.1950884312391281,0.3636535108089447,0.0013319650897756219
847,0.2174665927886963,0.39514681696891785,0.0011600377038121223
848,0.22789788246154785,0.4013427793979645,0.0012504950864240527
849,0.27951353788375854,0.4803325831890106,0.0009165448136627674
850,0.2514269948005676,0.46299782395362854,0.0007901749340817332
851,0.1860666424036026,0.3152537941932678,0.0012679289793595672
852,0.18749655783176422,0.3497791588306427,0.0012856235262006521
853,0.18829552829265594,0.36217430233955383,0.0013878201134502888
854,0.2333604246377945,0.411649614572525,0.0008804092649370432
855,0.3270110487937927,0.603573203086853,0.0003425880568102002
856,0.37614941596984863,0.6435720324516296,0.0002864264533855021
857,0.3447692394256592,0.6181722283363342,0.00033121067099273205
858,0.3092776834964752,0.58135586977005,0.00038985820719972253
859,0.36164015531539917,0.6343095302581787,0.0003117858141195029
860,0.3509097397327423,0.6243214011192322,0.00032619357807561755
861,0.33601051568984985,0.6222139000892639,0.00032580073457211256
862,0.3616902530193329,0.6154623627662659,0.00032435377943329513
863,0.30749019980430603,0.5712882280349731,0.00038238620618358254
864,0.3499961495399475,0.6167010068893433,0.00033572412212379277
865,0.3398754596710205,0.6066662073135376,0.00035114699858240783
866,0.3144584894180298,0.5696959495544434,0.0003815299132838845
867,0.39755332469940186,0.6715295314788818,0.00027539179427549243
868,0.38490334153175354,0.6611722111701965,0.00027068343479186296
869,0.36948779225349426,0.6415621638298035,0.00029138638637959957
870,0.3664548993110657,0.6460614800453186,0.0003159307816531509
871,0.370597779750824,0.6406489014625549,0.0003256496274843812
872,0.3490334451198578,0.6184800267219543,0.00037858629366382957
873,0.34596920013427734,0.5971214175224304,0.00042887136805802584
874,0.2949993908405304,0.5041746497154236,0.0005853070179000497
875,0.25022226572036743,0.4666596055030823,0.0006547645898535848
876,0.2398897409439087,0.47265782952308655,0.0006598185282200575
877,0.23892684280872345,0.4678958058357239,0.0006380796548910439
878,0.24946562945842743,0.48018527030944824,0.0006050282390788198
879,0.27424368262290955,0.5253380537033081,0.0005293359281495214
880,0.307964026927948,0.564416766166687,0.00042502133874222636
881,0.3076809346675873,0.5530053377151489,0.00044309202348813415
882,0.3375244736671448,0.6040478348731995,0.0003418986452743411
883,0.3454848527908325,0.619953453540802,0.0003277868090663105
884,0.3348497450351715,0.5765066146850586,0.00041783152846619487
885,0.3153589069843292,0.5633652210235596,0.00042481222772039473
886,0.329274445772171,0.5831911563873291,0.0004248476470820606
887,0.38539034128189087,0.6521634459495544,0.0003140475309919566
888,0.3449137210845947,0.6355670690536499,0.00031487212982028723
889,0.34691014885902405,0.6269396543502808,0.0003249429864808917
890,0.3202894926071167,0.6002068519592285,0.0003613779554143548
891,0.30696824193000793,0.569367527961731,0.00038204784505069256
892,0.3271836042404175,0.5780152082443237,0.00034660473465919495
893,0.32445767521858215,0.5840334296226501,0.0003801773418672383
894,0.3815019428730011,0.6547428965568542,0.00031473845592699945
895,0.34417882561683655,0.6077802181243896,0.0003747013979591429
896,0.38736796379089355,0.6583902835845947,0.0003005234757438302
897,0.4070744216442108,0.6588581800460815,0.00029282766627147794
898,0.3877454698085785,0.6564472913742065,0.0002944034058600664
899,0.419151246547699,0.6894247531890869,0.00026865198742598295
900,0.4257146418094635,0.7096632719039917,0.00023056427016854286
901,0.41101205348968506,0.6762663722038269,0.00027795982896350324
902,0.39455878734588623,0.6415185928344727,0.0003066644712816924
903,0.3875960409641266,0.6391987800598145,0.0003193252778146416
904,0.40304696559906006,0.67389976978302,0.00028186989948153496
905,0.3820072114467621,0.6561127305030823,0.0002912631898652762
906,0.3710503876209259,0.6501376628875732,0.00030915020033717155
907,0.36571866273880005,0.6029860973358154,0.0003598990442696959
908,0.35496577620506287,0.6254616379737854,0.000346632965374738
909,0.36100801825523376,0.6206154823303223,0.0003217814664822072
910,0.2879217863082886,0.5357746481895447,0.0004259489942342043
911,0.3311799168586731,0.563379168510437,0.0003600481431931257
912,0.3425750136375427,0.6120479702949524,0.0003306708240415901
913,0.34962329268455505,0.6285861730575562,0.0003299574018456042
914,0.3067806661128998,0.5425301790237427,0.0005274706636555493
915,0.20284923911094666,0.4323296546936035,0.0007374135311692953
916,0.2076079398393631,0.40518876910209656,0.0007627352606505156
917,0.23485657572746277,0.45414167642593384,0.0006946990615688264
918,0.23346048593521118,0.4319700598716736,0.000713220564648509
919,0.23591311275959015,0.4648560881614685,0.0006462634773924947
920,0.24265222251415253,0.47002747654914856,0.0006403170991688967
921,0.2820206880569458,0.5275070071220398,0.000514170853421092
922,0.26188403367996216,0.513906717300415,0.0005463144043460488
923,0.2666791081428528,0.4953739047050476,0.0005861117388121784
924,0.36522218585014343,0.6195979118347168,0.00036034698132425547
925,0.3694210648536682,0.6368755102157593,0.000343672523740679
926,0.349897563457489,0.5995432138442993,0.0004001538618467748
927,0.3141138255596161,0.5613274574279785,0.0004946531844325364
928,0.3177032768726349,0.5602853894233704,0.00047867410467006266
929,0.3136252164840698,0.5504482984542847,0.0005006947903893888
930,0.3420765697956085,0.5860955119132996,0.0004374519921839237
931,0.34040185809135437,0.5921474695205688,0.00043681327952072024
932,0.31630739569664,0.5695692300796509,0.000483193201944232
933,0.3054827153682709,0.5478217601776123,0.0004939143545925617
934,0.3152388036251068,0.5740746259689331,0.0004279732529539615
935,0.3276640474796295,0.6166378855705261,0.000338417332386598
936,0.39464130997657776,0.6712777018547058,0.00029716480639763176
937,0.330080509185791,0.5660310387611389,0.00037770881317555904
938,0.328554630279541,0.5814258456230164,0.0003476025885902345
939,0.3054625689983368,0.5548612475395203,0.00037503373459912837
940,0.3583865165710449,0.6320473551750183,0.00032037083292379975
941,0.35956552624702454,0.6387231945991516,0.000320717430440709
942,0.34292370080947876,0.6235136985778809,0.0003522440092638135
943,0.34144970774650574,0.5938741564750671,0.0004467551480047405
944,0.3154662847518921,0.5631165504455566,0.0005134584498591721
945,0.32098886370658875,0.5773773193359375,0.00047254853416234255
946,0.25833240151405334,0.48452916741371155,0.000641656806692481
947,0.23954153060913086,0.4541015923023224,0.0006605813978239894
948,0.32540562748908997,0.5731534361839294,0.0004746103659272194
949,0.30854034423828125,0.5538527369499207,0.000417214585468173
950,0.3452874720096588,0.6198444962501526,0.00033608885132707655
951,0.3561892509460449,0.6362391710281372,0.00031265808502212167
952,0.417476624250412,0.6769264340400696,0.000275534694083035
953,0.3510130047798157,0.590590238571167,0.0003791961935348809
954,0.3166930079460144,0.5776238441467285,0.00037223310209810734
955,0.34353286027908325,0.6074174046516418,0.0003604551311582327
956,0.34125351905822754,0.5986660718917847,0.00039184963679872453
957,0.2792873680591583,0.5177859663963318,0.0005021936958655715
958,0.22084937989711761,0.41451844573020935,0.0007206412265077233
959,0.2115672379732132,0.39395031332969666,0.0007818886078894138
960,0.20653682947158813,0.38665926456451416,0.0009017837001010776
961,0.18945904076099396,0.35104167461395264,0.0009975428692996502
962,0.2268531769514084,0.40107232332229614,0.0007266057655215263
963,0.3231624960899353,0.5779701471328735,0.0004065285320393741
964,0.3842027485370636,0.6334670782089233,0.00034248922020196915
965,0.42368844151496887,0.6807635426521301,0.0002695532748475671
966,0.40910351276397705,0.7000754475593567,0.00026270397938787937
967,0.3275997042655945,0.5725400447845459,0.00043547776294872165
968,0.3194575607776642,0.5555875301361084,0.0005055759102106094
969,0.3066016435623169,0.5513384342193604,0.0005027576116845012
970,0.32973262667655945,0.5951005816459656,0.0004439934273250401
971,0.3201642632484436,0.5678166747093201,0.00047416152665391564
972,0.2979064881801605,0.5422924757003784,0.0005021934630349278
973,0.2970282733440399,0.5387802720069885,0.0004732488887384534
974,0.2975853383541107,0.5358182787895203,0.0004128312284592539
975,0.3129022717475891,0.5817320346832275,0.0003493655822239816
976,0.28698769211769104,0.5606702566146851,0.00040426867781206965
977,0.29931968450546265,0.5647821426391602,0.0004198401002213359
978,0.35072004795074463,0.6010820269584656,0.0003398542758077383
979,0.3830045461654663,0.6544325947761536,0.0002789823629427701
980,0.330799400806427,0.6083186864852905,0.00035459070932120085
981,0.2678038477897644,0.4809427261352539,0.000618470017798245
982,0.29131415486335754,0.5330824255943298,0.0004900642088614404
983,0.29754549264907837,0.5586477518081665,0.0004277020925655961
984,0.3183327913284302,0.5833626389503479,0.0003983224742114544
985,0.34232014417648315,0.6288723945617676,0.0003271815658081323
986,0.3762173354625702,0.6276587247848511,0.0002967951586470008
987,0.3657592833042145,0.6180666089057922,0.00029113789787516
988,0.3791545629501343,0.6428515911102295,0.00028372654924169183
989,0.3592529296875,0.6142438650131226,0.0003134678700007498
990,0.31070655584335327,0.521265983581543,0.0004115740302950144
991,0.3016083240509033,0.574499249458313,0.0003951361868530512
992,0.3053295612335205,0.5396825075149536,0.000458989932667464
993,0.2985675036907196,0.5483601689338684,0.0004452346183825284
994,0.3014153242111206,0.5765635967254639,0.00037505777436308563
995,0.3133086860179901,0.5573539137840271,0.00041992159094661474
996,0.31353992223739624,0.5787531733512878,0.0003718343796208501
997,0.3257431983947754,0.5646364688873291,0.0003932914405595511
998,0.30770018696784973,0.5659435391426086,0.00038255492108874023
999,0.31659573316574097,0.5743192434310913,0.00040144287049770355
1000,0.2878815829753876,0.5333210825920105,0.00045909767504781485
1001,0.291230708360672,0.5210055112838745,0.0004675201780628413
1002,0.2727516293525696,0.49236854910850525,0.0005446750437840819
1003,0.2762349545955658,0.5133882164955139,0.0005080883856862783
1004,0.30342337489128113,0.5558497905731201,0.00043245480628684163
1005,0.2850896418094635,0.5516858100891113,0.0004536320921033621
1006,0.28321611881256104,0.5418416261672974,0.0004401228507049382
1007,0.2890653610229492,0.5303220748901367,0.0004827709053643048
1008,0.2962471544742584,0.5714662075042725,0.0003735874779522419
1009,0.35930028557777405,0.6304605603218079,0.0003018489805981517
1010,0.4257435202598572,0.7058637738227844,0.00021085911430418491
1011,0.4013780951499939,0.6815218925476074,0.0002420385426376015
1012,0.39004719257354736,0.6792384386062622,0.00024749754811637104
1013,0.28453972935676575,0.5260498523712158,0.0005382592789828777
1014,0.2779574990272522,0.5093954205513,0.0005579720018431544
1015,0.28546300530433655,0.5222967267036438,0.0005464366404339671
1016,0.30148985981941223,0.5670791864395142,0.0004261975409463048
1017,0.38835766911506653,0.6505938768386841,0.00027256645262241364
1018,0.4041571319103241,0.709313690662384,0.0002090803172904998
1019,0.40879639983177185,0.7054510116577148,0.00023098041128832847
1020,0.3585563004016876,0.6167252063751221,0.0002986728213727474
1021,0.34712889790534973,0.6094807386398315,0.00034813422826118767
1022,0.342647910118103,0.5925767421722412,0.0003826570464298129
1023,0.3522551357746124,0.6074545383453369,0.00037553312722593546
1024,0.3599086403846741,0.6219610571861267,0.000350969290593639
1025,0.3837985694408417,0.6408141851425171,0.00031494488939642906
1026,0.36208581924438477,0.6184350252151489,0.0003393023507669568
1027,0.3944472372531891,0.6407564282417297,0.0003134496510028839
1028,0.364977091550827,0.6151406168937683,0.0003386696334928274
1029,0.3055238127708435,0.5555078983306885,0.0004290369979571551
1030,0.3407261073589325,0.5848163962364197,0.00040340295527130365
1031,0.3546873927116394,0.6346071362495422,0.00034038355806842446
mean,515.5,0.39267454297072435,0.6326538300387157,0.0006464944201366581
